function [ GEColormap ] = loadGEColormap(  )
%LOADGECOLORMAP Summary of this function goes here
%   Detailed explanation goes here


% load('GEColormap.mat');

GEColormap=[...
0.000000 0.000000 0.000000;
0.000000 0.007843 0.007843;
0.000000 0.015686 0.015686;
0.000000 0.023529 0.023529;
0.000000 0.031373 0.031373;
0.000000 0.039216 0.039216;
0.000000 0.047059 0.047059;
0.000000 0.054902 0.054902;
0.000000 0.062745 0.062745;
0.000000 0.070588 0.070588;
0.000000 0.078431 0.078431;
0.000000 0.086275 0.086275;
0.000000 0.094118 0.094118;
0.000000 0.101961 0.101961;
0.000000 0.109804 0.109804;
0.000000 0.117647 0.117647;
0.000000 0.129412 0.125490;
0.000000 0.137255 0.133333;
0.000000 0.145098 0.141176;
0.000000 0.152941 0.149020;
0.000000 0.160784 0.156863;
0.000000 0.168627 0.164706;
0.000000 0.176471 0.172549;
0.000000 0.184314 0.180392;
0.000000 0.192157 0.188235;
0.000000 0.200000 0.196078;
0.000000 0.207843 0.203922;
0.000000 0.215686 0.211765;
0.000000 0.223529 0.219608;
0.000000 0.231373 0.227451;
0.000000 0.239216 0.235294;
0.000000 0.247059 0.243137;
0.000000 0.254902 0.250980;
0.000000 0.262745 0.258824;
0.000000 0.270588 0.266667;
0.000000 0.278431 0.274510;
0.000000 0.286275 0.282353;
0.000000 0.294118 0.290196;
0.000000 0.301961 0.298039;
0.000000 0.309804 0.305882;
0.000000 0.317647 0.313725;
0.000000 0.325490 0.321569;
0.000000 0.333333 0.329412;
0.000000 0.341176 0.337255;
0.000000 0.349020 0.345098;
0.000000 0.356863 0.352941;
0.000000 0.364706 0.360784;
0.000000 0.372549 0.368627;
0.000000 0.384314 0.376471;
0.000000 0.392157 0.384314;
0.000000 0.400000 0.392157;
0.000000 0.407843 0.400000;
0.000000 0.415686 0.407843;
0.000000 0.423529 0.415686;
0.000000 0.431373 0.423529;
0.000000 0.439216 0.431373;
0.000000 0.447059 0.439216;
0.000000 0.454902 0.447059;
0.000000 0.462745 0.454902;
0.000000 0.470588 0.462745;
0.000000 0.478431 0.470588;
0.000000 0.486275 0.478431;
0.000000 0.494118 0.486275;
0.000000 0.501961 0.494118;
0.007843 0.494118 0.501961;
0.015686 0.486275 0.505882;
0.023529 0.478431 0.513725;
0.031373 0.470588 0.521569;
0.039216 0.462745 0.529412;
0.047059 0.454902 0.537255;
0.054902 0.447059 0.545098;
0.062745 0.439216 0.552941;
0.070588 0.431373 0.560784;
0.078431 0.423529 0.568627;
0.086275 0.415686 0.576471;
0.094118 0.407843 0.584314;
0.101961 0.400000 0.592157;
0.109804 0.392157 0.600000;
0.117647 0.384314 0.607843;
0.125490 0.376471 0.615686;
0.133333 0.372549 0.623529;
0.141176 0.364706 0.631373;
0.149020 0.356863 0.639216;
0.156863 0.349020 0.647059;
0.164706 0.341176 0.654902;
0.168627 0.333333 0.662745;
0.176471 0.325490 0.670588;
0.184314 0.317647 0.678431;
0.192157 0.309804 0.686275;
0.200000 0.301961 0.694118;
0.207843 0.294118 0.701961;
0.215686 0.286275 0.709804;
0.223529 0.278431 0.717647;
0.231373 0.270588 0.725490;
0.239216 0.262745 0.733333;
0.247059 0.254902 0.741176;
0.254902 0.247059 0.749020;
0.262745 0.239216 0.756863;
0.270588 0.231373 0.764706;
0.278431 0.223529 0.772549;
0.286275 0.215686 0.780392;
0.294118 0.207843 0.788235;
0.301961 0.200000 0.796078;
0.309804 0.192157 0.803922;
0.317647 0.184314 0.811765;
0.325490 0.176471 0.819608;
0.333333 0.168627 0.827451;
0.341176 0.160784 0.835294;
0.349020 0.152941 0.843137;
0.356863 0.145098 0.850980;
0.364706 0.137255 0.858824;
0.372549 0.129412 0.866667;
0.380392 0.125490 0.874510;
0.388235 0.117647 0.882353;
0.396078 0.109804 0.890196;
0.403922 0.101961 0.898039;
0.411765 0.094118 0.905882;
0.419608 0.086275 0.913725;
0.427451 0.078431 0.921569;
0.435294 0.070588 0.929412;
0.443137 0.062745 0.937255;
0.450980 0.054902 0.945098;
0.458824 0.047059 0.952941;
0.466667 0.039216 0.960784;
0.474510 0.031373 0.968627;
0.482353 0.023529 0.976471;
0.490196 0.015686 0.984314;
0.498039 0.007843 0.992157;
0.501961 0.000000 1.000000;
0.509804 0.007843 0.984314;
0.517647 0.015686 0.968627;
0.525490 0.023529 0.952941;
0.533333 0.031373 0.937255;
0.541176 0.039216 0.921569;
0.549020 0.047059 0.905882;
0.556863 0.054902 0.890196;
0.564706 0.062745 0.874510;
0.572549 0.070588 0.858824;
0.580392 0.078431 0.843137;
0.588235 0.086275 0.827451;
0.596078 0.094118 0.811765;
0.603922 0.101961 0.796078;
0.611765 0.109804 0.780392;
0.619608 0.117647 0.764706;
0.627451 0.125490 0.749020;
0.635294 0.133333 0.733333;
0.643137 0.141176 0.717647;
0.650980 0.149020 0.701961;
0.658824 0.156863 0.686275;
0.666667 0.164706 0.670588;
0.674510 0.172549 0.654902;
0.682353 0.180392 0.639216;
0.690196 0.188235 0.623529;
0.698039 0.196078 0.607843;
0.705882 0.203922 0.592157;
0.713725 0.211765 0.576471;
0.721569 0.219608 0.560784;
0.729412 0.227451 0.545098;
0.737255 0.235294 0.529412;
0.745098 0.243137 0.513725;
0.752941 0.250980 0.501961;
0.760784 0.258824 0.486275;
0.768627 0.266667 0.470588;
0.776471 0.274510 0.454902;
0.784314 0.282353 0.439216;
0.792157 0.290196 0.423529;
0.800000 0.298039 0.407843;
0.807843 0.305882 0.392157;
0.815686 0.313725 0.376471;
0.823529 0.321569 0.360784;
0.831373 0.329412 0.345098;
0.835294 0.337255 0.329412;
0.843137 0.345098 0.313725;
0.850980 0.352941 0.298039;
0.858824 0.360784 0.282353;
0.866667 0.368627 0.266667;
0.874510 0.376471 0.250980;
0.882353 0.384314 0.235294;
0.890196 0.392157 0.219608;
0.898039 0.400000 0.203922;
0.905882 0.407843 0.188235;
0.913725 0.415686 0.172549;
0.921569 0.423529 0.156863;
0.929412 0.431373 0.141176;
0.937255 0.439216 0.125490;
0.945098 0.447059 0.109804;
0.952941 0.454902 0.094118;
0.960784 0.462745 0.078431;
0.968627 0.470588 0.062745;
0.976471 0.478431 0.047059;
0.984314 0.486275 0.031373;
0.992157 0.494118 0.015686;
1.000000 0.505882 0.000000;
1.000000 0.513725 0.015686;
1.000000 0.521569 0.031373;
1.000000 0.529412 0.047059;
1.000000 0.537255 0.062745;
1.000000 0.545098 0.078431;
1.000000 0.552941 0.094118;
1.000000 0.560784 0.109804;
1.000000 0.568627 0.125490;
1.000000 0.576471 0.141176;
1.000000 0.584314 0.156863;
1.000000 0.592157 0.176471;
1.000000 0.600000 0.192157;
1.000000 0.607843 0.207843;
1.000000 0.615686 0.223529;
1.000000 0.623529 0.239216;
1.000000 0.631373 0.254902;
1.000000 0.639216 0.270588;
1.000000 0.647059 0.286275;
1.000000 0.654902 0.301961;
1.000000 0.662745 0.317647;
1.000000 0.670588 0.333333;
1.000000 0.678431 0.349020;
1.000000 0.686275 0.364706;
1.000000 0.694118 0.380392;
1.000000 0.701961 0.396078;
1.000000 0.709804 0.411765;
1.000000 0.717647 0.427451;
1.000000 0.725490 0.443137;
1.000000 0.733333 0.458824;
1.000000 0.741176 0.474510;
1.000000 0.749020 0.490196;
1.000000 0.756863 0.509804;
1.000000 0.764706 0.525490;
1.000000 0.772549 0.541176;
1.000000 0.780392 0.556863;
1.000000 0.788235 0.572549;
1.000000 0.796078 0.588235;
1.000000 0.803922 0.603922;
1.000000 0.811765 0.619608;
1.000000 0.819608 0.635294;
1.000000 0.827451 0.650980;
1.000000 0.835294 0.666667;
1.000000 0.843137 0.682353;
1.000000 0.850980 0.698039;
1.000000 0.858824 0.713725;
1.000000 0.866667 0.729412;
1.000000 0.874510 0.745098;
1.000000 0.882353 0.760784;
1.000000 0.890196 0.776471;
1.000000 0.898039 0.792157;
1.000000 0.905882 0.807843;
1.000000 0.913725 0.823529;
1.000000 0.921569 0.843137;
1.000000 0.929412 0.858824;
1.000000 0.937255 0.874510;
1.000000 0.945098 0.890196;
1.000000 0.952941 0.905882;
1.000000 0.960784 0.921569;
1.000000 0.968627 0.937255;
1.000000 0.976471 0.952941;
1.000000 0.984314 0.968627;
1.000000 0.992157 0.984314;
1.000000 1.000000 1.000000;];
end

